53
2
49
44
3
54
58
17
5
6
37
5
99
99
67
83
62
16
62
89
83
74
46
38
98
21
95
91
59
97
80
81
32
15
66
10
30
70
98
18
70
26
59
77
70
62
26
26
73
50
72
66
51
94
2
79
55
12
45
82
59
66
57
7
25
55
73
84
33
58
54
92
18
45
19
57
15
69
67
37
94
69
18
10
25
15
31
38
13
86
54
18
25
16
58
5
69
52
52
15
89
41
92
16
95
80
48
6
75
45
64
86
44
9
88
89
48
48
82
10
25
35
71
46
4
37
68
3
87
15
88
63
17
52
48
53
77
3
14
44
67
25
62
68
23
68
74
17
28
68
56
21
69
42
90
54
69
46
12
59
13
46
19
61
56
2
69
91
60
35
13
46
35
39
43
99
72
4
24
36
63
51
75
19
59
68
93
74
62
93
83
31
91
55
32
22
6
2
12
21
98
82
56
93
56
11
85
31
99
91
82
66
23
75
96
61
70
1
3
88
8
95
30
66
51
81
54
79
8
22
94
70
91
3
38
80
95
81
62
48
82
63
75
71
12
18
8
16
58
70
51
6
98
24
14
4
52
89
42
74
56
6
24
77
96
12
75
20
38
16
66
89
38
54
7
44
20
59
55
33
73
38
21
37
71
88
72
68
89
34
29
6
40
88
92
76
40
97
74
99
43
88
78
43
4
62
67
44
17
69
83
93
35
9
1
19
85
86
7
8
40
7
31
4
87
61
49
50
62
31
5
22
85
55
90
85
60
78
33
10
22
28
51
20
50
35
70
31
87
73
91
53
91
66
60
36
57
74
56
43
13
17
82
86
64
62
9
79
19
15
58
7
53
96
86
13
56
11
53
52
90
19
63
88
40
51
30
19
95
55
28
85
23
90
97
6
46
65
55
88
27
90
13
72
16
84
1
94
79
48
80
47
21
4
52
93
54
93
47
14
32
89
84
63
87
73
84
63
99
81
67
91
55
65
26
99
6
90
73
55
51
35
40
47
74
81
64
20
38
4
51
52
18
42
57
38
7
49
85
42
1
37
95
98
81
89
91
56
78
53
88
63
20
91
62
96
50
37
89
6
9
65
26
96
30
15
73
14
8
87
93
57
6
31
54
14
40
41
66
85
90
8
41
85
16
88
32
26
79
61
88
69
60
79
33
36
12
99
69
66
16
78
48
90
59
31
57
88
37
48
56
9
71
4
16
1
24
40
80
42
82
47
34
47
99
24
96
26
98
19
2
41
71
99
69
12
60
51
26
84
31
43
88
31
5
79
98
57
64
33
13
71
19
28
84
69
44
2
90
36
34
32
90
19
47
16
38
71
34
4
41
72
15
96
11
39
58
3
43
21
25
40
62
65
7
31
22
44
16
1
67
59
60
89
50
99
53
70
84
88
41
28
23
60
91
40
57
22
17
45
11
42
58
69
11
94
69
25
13
16
93
93
56
34
36
82
12
25
46
12
86
88
18
54
79
97
18
2
74
67
73
1
27
71
89
26
1
91
79
56
30
28
58
68
95
48
72
88
24
9
28
32
75
6
58
23
24
5
89
13
76
67
51
46
43
93
66
84
44
11
82
21
46
90
81
59
31
49
58
32
26
29
78
65
39
42
25
22
13
67
2
95
2
66
79
62
76
13
26
2
81
87
45
14
27
7
86
85
24
98
92
74
46
58
87
48
89
86
7
1
69
45
71
77
10
87
20
79
12
19
83
18
24
56
51
38
84
65
38
33
56
40
97
15
75
27
49
43
79
31
73
90
6
26
33
36
16
68
4
40
87
7
73
6
16
74
51
90
8
49
64
25
48
74
45
29
48
57
2
82
38
76
1
80
46
92
13
98
23
15
23
17
61
98
45
49
66
92
99
2
75
59
36
30
67
48
43
32
80
5
88
58
66
22
2
11
7
93
59
23
62
53
67
93
27
48
64
49
29
95
63
55
58
1
7
79
41
70
14
97
50
80
18
19
26
64
50
40
97
35
42
73
33
76
40
23
92
43
4
20
84
93
3
84
41
33
1
65
15
22
70
37
79
61
72
81
36
48
67
62
97
25
52
94
54
89
22
81
61
84
87
97
66
94
14
57
77
33
77
92
63
85
25
75
65
6
93
72
5
58
86
44
75
41
22
60
42
9
31
52
11
19
5
31
35
72
70
85
48
15
4
3
70
74
98
13
99
76
30
48
95
50
77
3
97
43
22
25
72
53
15
68
2
26
81
45
81
94
40
92
36
9
25
89
54
83
74
1
43
10
